numStates 5
numActions 2
end -1
transition 0 0 8 0.1667640789100624 0.2982151636496814
transition 0 0 9 0.8162257703906703 0.24398780864820727
transition 0 0 1 0.009373711634780513 0.0988414581101522
transition 0 0 2 -0.43632431120059234 0.3589555695919591
transition 0 1 7 -0.2924173409615185 0.1547453621983288
transition 0 1 6 -0.3676066009568131 0.182241398664566
transition 0 1 8 0.2808468030841804 0.021770097081512473
transition 0 1 3 -0.5910445009677654 0.32105334316674333
mdptype continuing
discount  0.9
